%YAML:1.0
DistortionCoefficient  : !!opencv-matrix
   rows: 1
   cols: 5
   dt: d
   data: [ -1.9362126953695402e+000, 4.0604507342202656e-001,
       1.1381828643282683e-001, 1.9089434817631926e-001,
       -2.1709087746028541e+001 ]
