%YAML:1.0
IntrinsicCoefficient  : !!opencv-matrix
   rows: 3
   cols: 3
   dt: d
   data: [ 2.8699511041273272e+003, 0., 1.7515926899545040e+001, 0.,
       4.5600346277471463e+003, 2.3482027335887747e+000, 0., 0., 1. ]
