%YAML:1.0
rvecs :
   - !!opencv-matrix
      rows: 3
      cols: 1
      dt: d
      data: [ -3.4481851994466406e-001, 6.5862035591595891e-001,
          1.5316921101403000e+000 ]
   - !!opencv-matrix
      rows: 3
      cols: 1
      dt: d
      data: [ -3.4444324859340297e-001, 6.5897956398814828e-001,
          1.5322182771925783e+000 ]
   - !!opencv-matrix
      rows: 3
      cols: 1
      dt: d
      data: [ -3.4526681938528653e-001, 6.5884196039772913e-001,
          1.5316860641761199e+000 ]
   - !!opencv-matrix
      rows: 3
      cols: 1
      dt: d
      data: [ -3.4553141019263139e-001, 6.5791115524110444e-001,
          1.5316993820734455e+000 ]
   - !!opencv-matrix
      rows: 3
      cols: 1
      dt: d
      data: [ -3.4475416746416554e-001, 6.5907609798076339e-001,
          1.5319506341887248e+000 ]
   - !!opencv-matrix
      rows: 3
      cols: 1
      dt: d
      data: [ -3.4441802182367698e-001, 6.5866000692387627e-001,
          1.5318256782383319e+000 ]
   - !!opencv-matrix
      rows: 3
      cols: 1
      dt: d
      data: [ -3.4454530402317235e-001, 6.5787772958566426e-001,
          1.5318193568009877e+000 ]
   - !!opencv-matrix
      rows: 3
      cols: 1
      dt: d
      data: [ -3.4486316970125830e-001, 6.5849599537399484e-001,
          1.5319283894027476e+000 ]
   - !!opencv-matrix
      rows: 3
      cols: 1
      dt: d
      data: [ -3.4520710150219547e-001, 6.5746049402559414e-001,
          1.5317300816881223e+000 ]
   - !!opencv-matrix
      rows: 3
      cols: 1
      dt: d
      data: [ -3.4457379084468115e-001, 6.5878464593368635e-001,
          1.5318707422234472e+000 ]
   - !!opencv-matrix
      rows: 3
      cols: 1
      dt: d
      data: [ -3.4530284339317691e-001, 6.5968019204148831e-001,
          1.5317648699215276e+000 ]
   - !!opencv-matrix
      rows: 3
      cols: 1
      dt: d
      data: [ -3.4446031639202213e-001, 6.6070401589984962e-001,
          1.5320453952046631e+000 ]
   - !!opencv-matrix
      rows: 3
      cols: 1
      dt: d
      data: [ -3.4433315285044652e-001, 6.5882108081542823e-001,
          1.5319183935061398e+000 ]
   - !!opencv-matrix
      rows: 3
      cols: 1
      dt: d
      data: [ -3.4433523739307687e-001, 6.5926662438000294e-001,
          1.5318996551244559e+000 ]
   - !!opencv-matrix
      rows: 3
      cols: 1
      dt: d
      data: [ -3.4516081000785120e-001, 6.5994223543765040e-001,
          1.5318984925217800e+000 ]
