%YAML:1.0
SizeFunction : [ 659, 494 ]
