%YAML:1.0
tvecs :
   - !!opencv-matrix
      rows: 3
      cols: 1
      dt: d
      data: [ 1.7633196406200105e-001, 1.2035270653237666e-002,
          9.4231511478070751e-001 ]
   - !!opencv-matrix
      rows: 3
      cols: 1
      dt: d
      data: [ 1.7636769862268165e-001, 1.2072817200634835e-002,
          9.4229513226668371e-001 ]
   - !!opencv-matrix
      rows: 3
      cols: 1
      dt: d
      data: [ 1.7634496606227240e-001, 1.2061752121866935e-002,
          9.4235715884339377e-001 ]
   - !!opencv-matrix
      rows: 3
      cols: 1
      dt: d
      data: [ 1.7636664214992190e-001, 1.2065407907179256e-002,
          9.4256039933320390e-001 ]
   - !!opencv-matrix
      rows: 3
      cols: 1
      dt: d
      data: [ 1.7633929422299660e-001, 1.2053616657497945e-002,
          9.4226975990219608e-001 ]
   - !!opencv-matrix
      rows: 3
      cols: 1
      dt: d
      data: [ 1.7635084808163015e-001, 1.2037090454319114e-002,
          9.4234590966531673e-001 ]
   - !!opencv-matrix
      rows: 3
      cols: 1
      dt: d
      data: [ 1.7634819813707084e-001, 1.2045366472307282e-002,
          9.4251108157488317e-001 ]
   - !!opencv-matrix
      rows: 3
      cols: 1
      dt: d
      data: [ 1.7633891199545254e-001, 1.2052829214439374e-002,
          9.4215115086486112e-001 ]
   - !!opencv-matrix
      rows: 3
      cols: 1
      dt: d
      data: [ 1.7637358141148599e-001, 1.2069521447796817e-002,
          9.4269414902418058e-001 ]
   - !!opencv-matrix
      rows: 3
      cols: 1
      dt: d
      data: [ 1.7639966472417007e-001, 1.2072481765508488e-002,
          9.4285314468071102e-001 ]
   - !!opencv-matrix
      rows: 3
      cols: 1
      dt: d
      data: [ 1.7633101930249387e-001, 1.2056088633506509e-002,
          9.4222721765070749e-001 ]
   - !!opencv-matrix
      rows: 3
      cols: 1
      dt: d
      data: [ 1.7632666112786619e-001, 1.2051535686966933e-002,
          9.4206084185514638e-001 ]
   - !!opencv-matrix
      rows: 3
      cols: 1
      dt: d
      data: [ 1.7636411929325677e-001, 1.2051269398054711e-002,
          9.4243815608640225e-001 ]
   - !!opencv-matrix
      rows: 3
      cols: 1
      dt: d
      data: [ 1.7634992725518189e-001, 1.2034965877082528e-002,
          9.4218526385513013e-001 ]
   - !!opencv-matrix
      rows: 3
      cols: 1
      dt: d
      data: [ 1.7637627778077844e-001, 1.2078159745490967e-002,
          9.4238700387566066e-001 ]
